DBRep_DrawableShape

CASCADE Topology V1, (c) Matra-Datavision
Locations 3
1
              1               0               0              -0 
              0               1               0            -200 
              0               0               1              -0 
1
              1               0               0               0 
              0 1.11022302462516e-16              -1               0 
              0               1 1.11022302462516e-16               0 
2  1 1 2 1 0
Curve2ds 116
1 6.2831853071795862 200 -1 0 
1 6.2831853071795862 200 -1 0 
1 6.2831853071795862 200 -1 0 
1 6.2831853071795862 200 -1 0 
1 6.2831853071795862 200 -1 0 
1 6.2831853071795862 200 -1 0 
1 6.2831853071795862 200 -1 0 
1 6.2831853071795862 200 -1 0 
1 6.2831853071795862 200 -1 0 
1 6.2831853071795862 200 -1 0 
1 6.2831853071795862 200 -1 0 
1 6.2831853071795862 200 -1 0 
1 6.2831853071795862 200 -1 0 
1 6.2831853071795862 200 -1 0 
1 6.2831853071795862 200 -1 0 
1 6.2831853071795862 200 -1 0 
1 6.2831853071795862 200 -1 0 
1 6.2831853071795862 200 -1 0 
1 6.2831853071795862 200 -1 0 
1 6.2831853071795862 200 -1 0 
1 6.2831853071795862 200 -1 0 
1 6.2831853071795862 200 -1 0 
1 6.2831853071795862 200 -1 0 
1 6.2831853071795862 200 -1 0 
1 6.2831853071795862 200 -1 0 
1 6.2831853071795862 200 -1 0 
1 6.2831853071795862 200 -1 0 
1 6.2831853071795862 200 -1 0 
1 0 200 1 0 
1 0 200 1 0 
1 0 200 1 0 
1 0 200 1 0 
1 0 200 1 0 
1 0 200 1 0 
1 0 200 1 0 
1 0 200 1 0 
1 0 200 1 0 
1 0 200 1 0 
1 0 200 1 0 
1 0 200 1 0 
1 0 200 1 0 
1 0 200 1 0 
1 0 200 1 0 
1 0 200 1 0 
1 0 200 1 0 
1 0 200 1 0 
1 0 200 1 0 
1 0 200 1 0 
1 0 200 1 0 
1 0 200 1 0 
1 0 200 1 0 
1 6.2831853071795862 200 -1 0 
1 0 200 1 0 
1 6.283185307179588 200 -1 0 
1 0 200 1 0 
1 0 200 1 0 
1 0 200 1 0 
1 6.2831853071795862 200 -1 0 
1 0 200 1 0 
1 6.2831853071795862 200 -1 0 
1 0 200 1 0 
1 0 200 1 0 
1 0 200 1 0 
1 6.2831853071795862 200 -1 0 
1 0 200 1 0 
1 6.2831853071795871 200 -1 0 
1 0 200 1 0 
1 0 200 1 0 
1 0 200 1 0 
1 6.2831853071795862 200 -1 0 
1 0 200 1 0 
1 6.2831853071795862 200 -1 0 
1 0 200 1 0 
1 0 200 1 0 
1 0 200 1 0 
1 6.2831853071795862 200 -1 0 
1 0 200 1 0 
1 6.2831853071795862 200 -1 0 
1 0 200 1 0 
1 0 200 1 0 
1 0 200 1 0 
1 6.2831853071795853 200 -1 0 
1 0 200 1 0 
1 6.2831853071795862 200 -1 0 
1 0 200 1 0 
1 0 200 1 0 
1 0 200 1 0 
1 6.2831853071795862 200 -1 0 
1 0 200 1 0 
1 6.2831853071795853 200 -1 0 
1 0 200 1 0 
1 0 200 1 0 
1 0 200 1 0 
1 6.2831853071795862 200 -1 0 
1 0 200 1 0 
1 6.2831853071795862 200 -1 0 
1 0 200 1 0 
1 0 200 1 0 
1 6.2831853071795862 200 -1 0 
1 0 200 1 0 
1 0 200 1 0 
1 6.2831853071795862 200 -1 0 
1 0 200 1 0 
1 0 200 1 0 
1 0 200 1 0 
1 0 200 1 0 
1 0 200 1 0 
1 0 200 1 0 
1 0 200 1 0 
1 6.2831853071795862 200 -1 0 
1 0 200 1 0 
1 0 200 1 0 
1 0 200 1 0 
1 0 200 1 0 
1 6.2831853071795862 200 -1 0 
1 0 200 1 0 
Curves 232
2 -27 200 27 0 -1 0 1 0 0 -0 0 1 3
1 -13.5 200 30 -1 0 0 
2 -6.2999666700001002 200 29.5 0 -1 0 0 0 -1 1 0 0 0.49999999999994499
1 -5.7999666700000496 200 14.75 0 0 1 
1 -2.8999833350000199 200 28.5 -1 0 0 
2 -5.2999666700001002 200 28.199999999999999 0 -1 0 0 0 -1 1 0 0 0.29999999999996702
1 -4.9999666700001297 200 14.1 0 0 1 
2 -5.2999666700001002 200 24.300000000000001 0 -1 0 -1 0 0 -0 -0 -1 0.29999999999996702
1 -2.6499833350000501 200 24 1 0 0 
1 -10.050086008800101 200 12 0 0 1 
1 -2.5643584337191401 200 12.4070967164431 -0.70710678118650705 0 0.70710678118658798 
1 -3.5785758481000598 200 16.9998899789246 -1 0 0 
1 1.11794127241913 200 10.9606128951428 -0.70710678118648895 0 -0.70710678118660597 
1 10.0501526687998 200 9.9464121457624497 0 0 -1 
1 5.0250763343999001 200 24 1 0 0 
2 5.3000333299998399 200 24.300000000000001 0 -1 0 0 0 1 -1 0 0 0.29999999999996702
1 5.00003332999988 200 12.15 0 0 -1 
2 5.3000333299998399 200 28.199999999999999 0 -1 0 1 0 0 -0 0 1 0.29999999999996702
1 2.6500166649999199 200 28.5 -1 0 0 
1 5.8000333300015798 200 14.2500000000003 1.0991207943789001e-13 0 -1 
2 6.3000333299998399 200 29.5 0 -1 0 1 0 0 -0 0 1 0.49999999999994499
1 3.1500166649999199 200 30 -1 0 0 
2 27 200 27 0 -1 0 0 0 -1 1 0 0 3
1 30 200 13.5 0 0 1 
2 29.5 200 6.2999666699999901 0 -1 0 -1 0 0 -0 -0 -1 0.49999999999994499
1 14.7499999999997 200 5.7999666699982804 1 0 1.1990408665951701e-13 
1 28.5 200 2.89998333499996 0 0 1 
2 28.199999999999999 200 5.2999666699999901 0 -1 0 -1 0 0 -0 -0 -1 0.29999999999996702
1 14.100000000000099 200 4.99996667000031 1 0 -2.8040248186045599e-14 
2 24.300000000000001 200 5.2999666699999901 0 -1 0 0 0 1 -1 0 0 0.29999999999996702
1 24 200 2.6499833349999999 0 0 -1 
1 12 200 10.0500860087999 1 0 0 
1 12.4070967164431 200 2.56435843371897 0.70710678118657599 0 0.70710678118651904 
1 16.9998899789246 200 3.5785758481000598 0 0 1 
1 10.9606128951429 200 -1.11794127241907 -0.70710678118659398 0 0.70710678118650105 
1 9.9464121457624497 200 -10.0501526687999 -1 0 0 
1 24 200 -5.0250763343999498 0 0 -1 
2 24.300000000000001 200 -5.30003332999995 0 -1 0 1 0 0 -0 0 1 0.29999999999996702
1 12.15 200 -5.0000333299999902 -1 0 0 
2 28.199999999999999 200 -5.30003332999995 0 -1 0 0 0 -1 1 0 0 0.29999999999996702
1 28.5 200 -2.6500166649999799 0 0 1 
1 14.25 200 -5.8000333300000104 -1 0 0 
2 29.5 200 -6.30003332999995 0 -1 0 0 0 -1 1 0 0 0.49999999999994499
1 30 200 -3.1500166649999799 0 0 1 
2 27 200 -27 0 -1 0 -1 0 0 -0 -0 -1 3
1 13.5 200 -30 1 0 0 
2 6.29996666999988 200 -29.5 0 -1 0 0 0 1 -1 0 0 0.49999999999994499
1 5.7999666699967003 200 -14.7499999999994 2.1871393585115599e-13 0 -1 
1 2.8999833349998601 200 -28.5 1 0 0 
2 5.29996666999988 200 -28.199999999999999 0 -1 0 0 0 1 -1 0 0 0.29999999999996702
1 4.9999666700004903 200 -14.100000000000099 -5.6507505227716298e-14 0 -1 
2 5.29996666999988 200 -24.300000000000001 0 -1 0 1 0 0 -0 0 1 0.29999999999996702
1 2.64998333499994 200 -24.000000000000199 -1 0 0 
1 10.0500860088006 200 -12.000000000000499 -7.2443886436499697e-14 0 -1 
1 2.56435843371862 200 -12.407096716444 0.707106781186573 0 -0.70710678118652204 
1 3.57857584809978 200 -16.999889978924799 1 0 -1.39608060781567e-14 
1 -1.11794127241916 200 -10.9606128951429 0.70710678118650006 0 0.70710678118659498 
1 -10.0501526687992 200 -9.9464121457620305 7.2984512454686e-14 0 1 
1 -5.0250763344000999 200 -24 -1 0 0 
2 -5.30003332999995 200 -24.300000000000001 0 -1 0 0 0 -1 1 0 0 0.29999999999996702
1 -5.0000333299999902 200 -12.15 0 0 1 
2 -5.30003332999995 200 -28.199999999999999 0 -1 0 -1 0 0 -0 -0 -1 0.29999999999996702
1 -2.6500166649999799 200 -28.5 1 0 0 
1 -5.8000333300033597 200 -14.2500000000006 -2.19824158875781e-13 0 1 
2 -6.30003332999995 200 -29.5 0 -1 0 -1 0 0 -0 -0 -1 0.49999999999994499
1 -3.1500166649999799 200 -30 1 0 0 
2 -27 200 -27 0 -1 0 0 0 1 -1 0 0 3
1 -30 200 -13.5 0 0 -1 
2 -29.5 200 -6.2999666699999901 0 -1 0 1 0 0 -0 0 1 0.49999999999994499
1 -14.7499999999993 200 -5.7999666699966603 -1 0 -2.29816166097407e-13 
1 -28.5 200 -2.8999833349999098 0 0 -1 
2 -28.199999999999999 200 -5.2999666699999901 0 -1 0 1 0 0 -0 0 1 0.29999999999996702
1 -14.100000000000099 200 -4.9999666700005996 -1 0 5.6365168942507902e-14 
2 -24.300000000000001 200 -5.2999666699999901 0 -1 0 0 0 -1 1 0 0 0.29999999999996702
1 -24.000000000000199 200 -2.6499833349999999 0 0 1 
1 -12.000000000000499 200 -10.0500860088006 -1 0 7.2443886436499697e-14 
1 -12.407096716443601 200 -2.5643584337188199 -0.70710678118655002 0 -0.70710678118654502 
1 -16.999889978924799 200 -3.5785758481000101 0 0 -1 
1 -10.960612895143599 200 1.1179412724187701 0.70710678118654502 0 -0.70710678118655002 
1 -9.9464121457624 200 10.050152668799999 1 0 0 
1 -24 200 5.0250763343999996 0 0 1 
2 -24.300000000000001 200 5.30003332999995 0 -1 0 -1 0 0 -0 -0 -1 0.29999999999996702
1 -12.15 200 5.0000333299999902 1 0 0 
2 -28.199999999999999 200 5.30003332999995 0 -1 0 0 0 1 -1 0 0 0.29999999999996702
1 -28.5 200 2.6500166649999799 0 0 -1 
1 -14.2500000000003 200 5.8000333300016704 1 0 1.08801856413265e-13 
2 -29.5 200 6.30003332999995 0 -1 0 0 0 1 -1 0 0 0.49999999999994499
1 -30 200 3.1500166649999799 0 0 -1 
2 -24.999994806900201 200 -13.299993759099999 0 1 0 -1 0 0 0 -0 1 0.99999925292493197
1 -25.999994059825099 200 -12.49999812665 0 0 1 
2 -24.999994806900201 200 -24.999996253300001 0 1 0 0 0 -1 -1 0 0 0.99999925292493197
1 -6.6499966564006501 200 -25.999995506225702 -1 0 4.2511098420191303e-14 
2 -13.299993312800201 200 -24.999996253300001 0 1 0 1 0 -7.9003529453864099e-12 -7.9003529453864099e-12 0 -1 0.99999925292526504
1 -12.299994059749499 200 -8.9821049197018894 -7.8314442013207704e-12 0 -1 
2 -13.2999959209001 200 -17.9642098395001 0 1 0 0.70710693278874837 -0 0.70710662958431436 0.70710662958431436 0 -0.70710693278874837 1.0000018610802901
1 -16.0910484903984 200 -13.7589395756701 0.70710662958466874 0 -0.70710693278839376 
2 -17.964206893100101 200 -13.2999951601999 0 1 0 7.6028023006178106e-12 -0 1 1 0 -7.6028023006178106e-12 1.00000065397136
1 -12.499997403493101 200 -12.299994506270099 1 0 -7.6042155068016399e-12 
2 13.2999933127997 200 -24.999996253300001 0 1 0 0 0 -1 -1 0 0 0.99999925292526504
1 12.4999974034505 200 -25.9999955062254 -1 0 -4.2511098420190899e-14 
2 24.999994806899799 200 -24.999996253300001 0 1 0 1 0 0 0 0 -1 0.99999925292493197
1 25.999994059824701 200 -6.6499968795498896 8.7299569650645905e-15 0 -1 
2 24.999994806899799 200 -13.299993759099999 0 1 0 -7.50067235793237e-12 0 1 1 -0 7.50067235793237e-12 0.99999925292493197
1 8.9821034465929195 200 -12.2999945062968 1 0 7.6042155068017498e-12 
2 17.964206893099998 200 -13.2999951601999 0 1 0 -0.70710693278837988 0 0.70710662958468284 0.70710662958468284 -0 0.70710693278837988 1.00000065397132
1 13.7589425775209 200 -16.091046488542698 0.70710662958465387 0 0.70710693278840875 
2 13.299995920899899 200 -17.9642098395001 0 1 0 -1 0 -7.8026328957392293e-12 -7.8026328957392293e-12 0 1 1.0000018610802599
1 12.299994059776999 200 -12.499998126605901 -7.8030408171619402e-12 0 1 
2 13.299995920899899 200 17.964194808700199 0 1 0 -0.7071069327883488 0 -0.70710662958471382 -0.70710662958471382 0 0.7071069327883488 1.0000018610802901
1 16.091044732698201 200 13.7589283025718 -0.70710662958467674 0 0.70710693278838577 
2 17.964206893099998 200 13.2999801293999 0 1 0 -7.6982814182964805e-12 0 -1 -1 0 7.6982814182964805e-12 1.00000065397136
1 12.499997403492999 200 12.2999794754703 -1 0 7.6181016027676895e-12 
2 24.999994806899799 200 13.299978728299999 0 1 0 1 0 0 0 0 -1 0.99999925292493197
1 25.9999940598248 200 12.4999906112501 0 0 -1 
2 24.999994806899799 200 24.9999812225001 0 1 0 0 -0 1 1 0 -0 0.99999925292493197
1 6.6499966564003996 200 25.999980475425801 1 0 -4.2511098420190899e-14 
2 13.2999933127997 200 24.999981222500299 0 1 0 -1 0 7.7982123508150398e-12 7.7982123508150398e-12 -0 1 0.99999925292526504
1 12.299994059749499 200 8.9820974043060104 7.8030408171617107e-12 0 1 
2 -24.999994806900201 200 24.9999812225001 0 1 0 -1 0 0 0 -0 1 0.99999925292493197
1 -25.999994059825301 200 6.6499893641501098 8.7299569650645195e-15 0 1 
2 -24.999994806900201 200 13.299978728299999 0 1 0 7.5983720570883906e-12 0 -1 -1 0 -7.5983720570883906e-12 0.99999925292504299
1 -8.9821034465931007 200 12.299979475497 -1 0 -7.6184171958577099e-12 
2 -17.964206893100101 200 13.2999801293999 0 1 0 0.70710693278838432 0 -0.70710662958467829 -0.70710662958467829 0 -0.70710693278838432 1.00000065397132
1 -13.7589388198209 200 16.091035215444499 -0.70710662958466874 0 -0.70710693278839376 
2 -13.2999959209001 200 17.9641948087001 0 1 0 1 -0 7.8026328957400096e-12 7.8026328957400096e-12 0 -1 1.0000018610802599
1 -12.2999940597771 200 12.499990611205799 7.8314442013294493e-12 0 -1 
2 -13.299993312800201 200 24.9999812225001 0 1 0 0 -0 1 1 0 -0 0.99999925292515401
1 -12.499997403450299 200 25.9999804754252 1 0 1.7080352043826901e-14 
2 6.41675199157166 200 -3.8826659119824898 0 1 0 0.85556844785679775 0 -0.51768970535631686 -0.51768970535631686 0 -0.85556844785679775 0.5
2 1.1102230246251599e-13 200 2.2204460492503199e-13 0 1 0 0.97104033140934776 0 -0.23891562271317496 -0.23891562271317496 0 -0.97104033140934776 7.9999867136819498
2 7.2827895840195103 200 -1.7918639960395899 0 1 0 0.17364796922135392 -0 0.98480778976676453 0.98480778976676453 0 -0.17364796922135392 0.50000000000001399
1 2.69699776229429 200 -0.47555288377523502 0.98480778976676475 0 -0.17364796922135298 
2 5.4808195091943199 200 -0.45870187269569901 0 -1 0 0.17364796922157896 0 0.98480778976672478 -0.98480778976672478 0 0.17364796922157896 0.50000000000004297
2 1.1102230246251599e-13 200 2.2204460492503199e-13 0 1 0 0.99651607259544961 -0 0.083400941595048059 0.083400941595048059 0 -0.99651607259544961 4.9999808999999402
2 5.4808193658192303 200 0.45870358581512299 0 -1 0 0.99651607259544528 0 0.083400941595099629 -0.083400941595099629 0 0.99651607259544528 0.5
1 3.6848065812252901 200 0.64973120233979498 -0.98480773549327882 0 -0.17364827702168598 
2 7.2827890239512998 200 1.7918662723596099 0 1 0 0.97104025673351702 -0 0.23891592622281499 0.23891592622281499 0 -0.97104025673351702 0.50000000000001898
2 1.1102230246251599e-13 200 2.2204460492503199e-13 0 1 0 0.85556800098725228 -0 0.51769044388193708 0.51769044388193708 0 -0.85556800098725228 7.9999867136820297
2 6.4167486400560403 200 3.8826714509148101 0 1 0 -0.57357670328123 0 0.81915185738240004 0.81915185738240004 -0 0.57357670328123 0.499999999999936
1 2.2433318962007802 200 1.5707989936994 0.81915185738240337 0 0.57357670328122523 
2 4.1998754406891203 200 3.5511739161925302 0 -1 0 -0.57357670328128185 0 0.81915185738236374 -0.81915185738236374 -0 -0.57357670328128185 0.49999999999997002
2 1.1102230246251599e-13 200 2.2204460492503199e-13 0 1 0 0.64567159022494702 -0 0.76361521565274504 0.76361521565274504 0 -0.64567159022494702 4.9999809000000299
2 3.5511814139090898 200 4.1998691010384297 0 -1 0 0.64567159022520326 0 0.76361521565252821 -0.76361521565252821 0 0.64567159022520326 0.499999999999994
1 2.1461291614519502 200 3.0649763129115399 -0.57357816563726638 0 -0.81915083342702444 
2 3.8826829062199599 200 6.4167417086209397 0 1 0 0.51769197125869726 -0 0.85556707679426536 0.85556707679426536 0 -0.51769197125869726 0.50000000000002098
2 1.1102230246251599e-13 200 2.2204460492503199e-13 0 1 0 0.23891619695980701 -0 0.97104019012101805 0.97104019012101805 0 -0.23891619695980701 7.9999867136820502
2 1.7918683028821401 200 7.2827885243591499 0 1 0 -0.98480768707318778 0 0.17364855162528198 0.17364855162528198 -0 0.98480768707318778 0.5
1 0.475554478630412 200 2.6969974810727302 0.17364855162547496 0 0.9848076870731538 
2 0.45870511387047203 200 5.4808192379323097 0 -1 0 -0.98480768707318744 0 0.17364855162528409 -0.17364855162528409 -0 -0.98480768707318744 0.50000000000004097
2 1.1102230246251599e-13 200 2.2204460492503199e-13 0 1 0 -0.08339806244980956 0 0.99651631355418258 0.99651631355418258 -0 0.08339806244980956 4.9999808999999598
2 -0.458687750570896 200 5.48082069108768 0 -1 0 -0.083398062449730109 0 0.99651631355418913 -0.99651631355418913 -0 -0.083398062449730109 0.49999999999995698
1 -0.64972055614953605 200 3.68480845842174 0.17364543170659999 0 -0.98480823719515498 
2 -1.79184523084519 200 7.2827942009993096 0 1 0 -0.238913120682757 0 0.97104094700770804 0.97104094700770804 -0 0.238913120682757 0.50000000000004696
2 1.1102230246251599e-13 200 2.2204460492503199e-13 0 1 0 -0.5176932254239982 0 0.85556631791468829 0.85556631791468829 -0 0.5176932254239982 7.9999867136819702
2 -3.88269231244298 200 6.4167360170343004 0 1 0 -0.81914999262057975 0 -0.5735793664260459 -0.5735793664260459 0 0.81914999262057975 0.50000000000003997
1 -1.5708062870263499 200 2.2433267893366402 -0.57357936642609109 0 0.81914999262054811 
2 -3.5511875704353701 200 4.1998638954094902 0 -1 0 -0.81914999262049915 -0 -0.57357936642616114 0.57357936642616114 0 -0.81914999262049915 0.50000000000000699
2 1.1102230246251599e-13 200 2.2204460492503199e-13 0 1 0 -0.76361623477347929 0 0.64567038494139928 0.64567038494139928 -0 0.76361623477347929 4.9999809000000397
2 -4.1998747061848798 200 3.5511747848745499 0 -1 0 -0.76361623477329099 0 0.64567038494162199 -0.64567038494162199 -0 -0.76361623477329099 0.49999999999998002
1 -3.0649797003227301 200 2.1461243237463199 0.81915173876554725 0 -0.57357687268349711 
2 -6.4167478370184003 200 3.88267277806542 0 1 0 -0.85556789391531374 0 0.5176906208357599 0.5176906208357599 -0 0.85556789391531374 0.49999999999998002
2 1.1102230246251599e-13 200 2.2204460492503199e-13 0 1 0 -0.97104033140936152 0 0.23891562271311914 0.23891562271311914 -0 0.97104033140936152 7.9999867136820004
2 -7.2827895840198398 200 1.7918639960395899 0 1 0 -0.17364796922117792 0 -0.9848077897667955 -0.9848077897667955 0 0.17364796922117792 0.50000000000001399
1 -2.6969977622930301 200 0.47555288377483401 -0.98480778976676009 0 0.17364796922137904 
2 -5.48081950919177 200 0.45870187269514401 0 -1 0 -0.17364796922157896 -0 -0.98480778976672478 0.98480778976672478 0 -0.17364796922157896 0.50000000000004297
2 1.1102230246251599e-13 200 2.2204460492503199e-13 0 1 0 -0.9965161563484235 0 -0.083399940866672545 -0.083399940866672545 0 0.9965161563484235 4.9999808999997004
2 -5.48081982645654 200 -0.45869808182752397 0 -1 0 -0.99651615634842206 -0 -0.083399940866690503 0.083399940866690503 0 -0.99651615634842206 0.49999999999998401
1 -3.6848072337126698 200 -0.64972750191700601 0.98480790987092315 0 0.17364728807460203 
2 -7.2827908233770202 200 -1.79185895883194 0 1 0 -0.97104049665727676 0 -0.23891495108424995 -0.23891495108424995 0 0.97104049665727676 0.49999999999998401
2 1.1102230246251599e-13 200 2.2204460492503199e-13 0 1 0 -0.85556779912959868 0 -0.51769077748452774 -0.51769077748452774 0 0.85556779912959868 7.9999867136820502
2 -6.4167471261263902 200 -3.88267395292974 0 1 0 0.57357702267604393 0 -0.81915163373949573 -0.81915163373949573 0 -0.57357702267604393 0.50000000000004396
1 -2.2433312836848298 200 -1.5707998684578699 -0.81915163373967403 0 -0.57357702267578903 
2 -4.1998740560054104 200 -3.5511755538232301 0 -1 0 0.57357702267578392 0 -0.81915163373967781 0.81915163373967781 0 0.57357702267578392 0.49999999999998102
2 1.1102230246251599e-13 200 2.2204460492503199e-13 0 1 0 -0.64567037819541895 0 -0.76361624047749588 -0.76361624047749588 0 0.64567037819541895 4.9999809000000504
2 -3.5511747477715598 200 -4.1998747375569003 0 -1 0 -0.64567037819561712 -0 -0.76361624047732823 0.76361624047732823 0 -0.64567037819561712 0.50000000000003597
1 -2.14612429665979 200 -3.0649797192875399 0.57357686545200692 0 0.81915174382909683 
2 -3.8826727213886398 200 -6.4167478713125199 0 1 0 -0.517690613278737 0 -0.85556789848794901 -0.85556789848794901 0 0.517690613278737 0.50000000000003597
2 1.1102230246251599e-13 200 2.2204460492503199e-13 0 1 0 -0.23891580719268696 0 -0.97104028601982673 -0.97104028601982673 0 0.23891580719268696 7.9999867136820102
2 -1.79186537963383 200 -7.2827892435989297 0 1 0 0.98480775677825549 0 -0.17364815630861308 -0.17364815630861308 0 -0.98480775677825549 0.50000000000001599
1 -0.47555339619071901 200 -2.6969976719444202 -0.17364815630893299 0 -0.98480775677819898 
2 -0.45870291396465901 200 -5.4808194220481399 0 -1 0 0.98480775677821275 0 -0.17364815630885497 0.17364815630885497 0 0.98480775677821275 0.5
2 1.1102230246251599e-13 200 2.2204460492503199e-13 0 1 0 0.083401144501940666 0 -0.99651605561363954 -0.99651605561363954 0 -0.083401144501940666 4.9999809000000104
2 0.458704701799095 200 -5.48081927241972 0 -1 0 0.08340114450201494 0 -0.99651605561363343 0.99651605561363343 0 0.08340114450201494 0.49999999999995698
1 0.64973195260877903 200 -3.6848064489344199 -0.17364847755483501 0 0.98480770013383212 
2 1.7918677552742901 200 -7.2827886590933799 0 1 0 0.2389161239453419 0 -0.97104020808560454 -0.97104020808560454 0 -0.2389161239453419 0.50000000000004696
2 1.1102230246251599e-13 200 2.2204460492503199e-13 0 1 0 0.51769088239046113 0 -0.8555677356526401 -0.8555677356526401 0 -0.51769088239046113 7.9999867136820004
2 3.8826747397230399 200 -6.4167466500498804 0 1 0 0.81915156340348605 -0 0.57357712312610998 0.57357712312610998 0 -0.81915156340348605 0.49999999999997002
1 1.5708001434834999 200 -2.2433310911142201 0.57357712312582299 0 -0.819151563403687 
2 3.5511760687759799 200 -4.1998736205906004 0 -1 0 0.81915156340377182 0 0.57357712312570186 -0.57357712312570186 0 0.81915156340377182 0.50000000000001399
2 1.1102230246251599e-13 200 2.2204460492503199e-13 0 1 0 0.76361692565961181 0 -0.64566956784888274 -0.64566956784888274 0 -0.76361692565961181 4.9999809000000601
2 4.1998785060457502 200 -3.5511702908806999 0 -1 0 0.76361692565969008 0 -0.64566956784879015 0.64566956784879015 0 0.76361692565969008 0.49999999999997702
1 3.0649819967538399 200 -2.1461210440968399 -0.8191523524989347 0 0.57357599618137878 
2 -14.9999927758001 200 9.90023416230013 0 1 0 -1 0 -8.8995249097208295e-12 -8.8995249097208295e-12 0 1 0.50000128409519196
1 -15.499994059816199 200 0.99998986407675095 -8.8857140530683203e-12 0 1 
2 -14.4999948069001 200 1.9999797283001299 0 1 0 6.9988511759041901e-12 0 -1 -1 0 -6.9988511759041901e-12 0.99999925292493197
1 -4.9749374113577298 200 0.99998047544235602 -1 0 -7.0510112967076796e-12 
2 -1.1102230246251599e-13 200 -1.5030800049054001e-05 0 -1 0 0.99498748227083311 0 -0.099999550620733013 0.099999550620733013 0 0.99498748227083311 10
1 -0.99999305922090997 200 7.2499906112049404 9.02307901160207e-11 0 -1 
2 -1.99999231280013 200 14.4999812225001 0 1 0 -3.8100107111207501e-12 0 1 1 -0 3.8100107111207501e-12 0.99999925292504299
1 -4.95012337343044 200 15.499980475414 1 0 3.79740258013926e-12 
2 -9.9002467468001196 200 14.9999791913 0 1 0 -0.7071067118590042 0 0.70710685051408417 0.70710685051408417 -0 0.7071067118590042 0.50000128409510902
1 -14.0786066510162 200 11.528728634254501 0.70710685051421107 0 0.70710671185887719 
2 -1.1102230246251599e-13 200 -1.50307999380317e-05 0 -1 0 -0.099999305977827427 -0 -0.99498750685822834 0.99498750685822834 0 -0.099999305977827427 10
1 7.2499974034499601 200 0.99998047556606895 -1 0 2.6327451753735501e-11 
2 14.499994806899901 200 1.9999797283001299 0 1 0 1 0 -8.9098239846798008e-12 -8.9098239846798008e-12 0 -1 0.99999925292493197
1 15.4999940598512 200 4.9501170810810997 -8.89864281619602e-12 0 -1 
2 14.999992775799999 200 9.90023416230013 0 1 0 0.70710671185905216 -0 0.7071068505140361 0.7071068505140361 0 -0.70710671185905216 0.50000128409522004
1 11.528733636516201 200 14.0786011487544 0.70710685051419708 0 -0.70710671185889107 
2 9.9002467467998994 200 14.9999791913 0 1 0 3.7791894701459203e-12 -0 1 1 0 -3.7791894701459203e-12 0.50000128409519196
1 0.99999615643117001 200 15.499980475428901 1 0 -3.78447381700651e-12 
2 1.9999923127999 200 14.4999812225001 0 1 0 -1 0 2.1200834716854699e-11 2.1200834716854699e-11 -0 1 0.99999925292504299
1 0.99999305967243102 200 4.9749300188805297 2.12521832243824e-11 0 1 
2 -14.9999927758002 200 -9.9002491930999508 0 1 0 -0.70710671185907514 0 -0.70710685051401312 -0.70710685051401312 0 0.70710671185907514 0.50000128409510902
1 -11.5287373942164 200 -14.078612421855 -0.70710685051419064 0 0.70710671185889762 
2 -9.9002467468001196 200 -14.9999942221 0 1 0 -3.8013938736132899e-12 0 -1 -1 0 3.8013938736132899e-12 0.50000128409519196
1 -0.99999615643128503 200 -15.499995506228901 -1 0 3.78447381700651e-12 
2 -1.99999231280013 200 -14.499996253300001 0 1 0 1 0 -2.1198614269144102e-11 -2.1198614269144102e-11 0 -1 0.99999925292504299
1 -0.999993059673007 200 -4.9749450496806 -2.12034840551256e-11 0 -1 
2 -1.1102230246251599e-13 200 -1.50308001600763e-05 0 -1 0 0.099999305977838432 0 0.99498750685822723 -0.99498750685822723 0 0.099999305977838432 10
1 -7.24999740345008 200 -0.99999550636607304 1 0 -2.6351829865288501e-11 
2 -14.4999948069001 200 -1.9999947590999601 0 1 0 -1 0 8.8998319699933702e-12 8.8998319699933702e-12 -0 1 0.99999925292493197
1 -15.499994059851399 200 -4.9501245964787897 8.8983617561329601e-12 0 1 
1 4.9501233734302703 200 -15.499995506214001 -1 0 -3.7974025801392996e-12 
2 9.9002467467997892 200 -14.9999942221 0 1 0 0.70710671185923213 0 -0.70710685051385613 -0.70710685051385613 0 -0.70710671185923213 0.50000128409522004
1 14.078610408716299 200 -11.5287399073549 -0.7071068505141902 0 -0.70710671185889817 
2 14.999992775799999 200 -9.9002491930998406 0 1 0 1 -0 8.8995249097207907e-12 8.8995249097207907e-12 0 -1 0.50000128409519196
1 15.499994059816 200 -0.99999737948101597 8.8986428162112001e-12 0 -1 
2 14.499994806899901 200 -1.9999947590999601 0 1 0 -7.0987713227690697e-12 0 1 1 -0 7.0987713227690697e-12 0.99999925292493197
1 4.9749381666746197 200 -0.99999550624232802 1 0 7.0545211190496011e-12 
2 -1.1102230246251599e-13 200 -1.5030800049054001e-05 0 -1 0 -0.99498763333422613 0 0.099998047540718019 -0.099998047540718019 -0 -0.99498763333422613 10
1 0.99999305955822604 200 -7.2499981266500102 -4.3673690827657502e-11 0 1 
2 1.9999923127999 200 -14.499996253300001 0 1 0 3.7900266817475601e-12 0 -1 -1 0 -3.7900266817475601e-12 0.99999925292504299
Polygon3D 0
PolygonOnTriangulations 464
10 1 2 3 4 5 6 7 8 9 10 
p 0.8000000008 1 1.5707963267949 1.74532925199433 1.91986217719376 2.0943951023932 2.26892802759263 2.44346095279206 2.61799387799149 2.79252680319093 2.96705972839036 3.14159265358979 
10 1 2 3 4 5 6 7 8 9 10 
p 0.2400000008 1 1.5707963267949 1.74532925199433 1.91986217719376 2.0943951023932 2.26892802759263 2.44346095279206 2.61799387799149 2.79252680319093 2.96705972839036 3.14159265358979 
2 1 2 
p 0.8000000008 1 -7.2000333299999 13.5 
2 11 1 
p 0.2400000008 1 -7.2000333299999 13.5 
10 1 2 3 4 5 6 7 8 9 10 
p 0.8000000008 1 1.5707963267949 1.74532925199433 1.91986217719376 2.0943951023932 2.26892802759263 2.44346095279206 2.61799387799149 2.79252680319093 2.96705972839036 3.14159265358979 
10 12 13 14 15 16 17 18 19 20 11 
p 0.2400000008 1 1.5707963267949 1.74532925199433 1.91986217719376 2.0943951023932 2.26892802759263 2.44346095279206 2.61799387799149 2.79252680319093 2.96705972839036 3.14159265358979 
2 1 2 
p 0.8000000008 1 13.75 14.75 
2 21 12 
p 0.2400000008 1 13.75 14.75 
2 1 2 
p 0.8000000008 1 2.39998333500008 2.89998333500003 
2 22 21 
p 0.2400000008 1 2.39998333500008 2.89998333500003 
7 1 2 3 4 5 6 7 
p 0.8000000008 1 1.5707963267949 1.83259571459405 2.0943951023932 2.35619449019234 2.61799387799149 2.87979326579064 3.14159265358979 
10 23 24 25 26 27 28 29 30 31 22 
p 0.2400000008 1 1.5707963267949 1.74532925199433 1.91986217719376 2.0943951023932 2.26892802759263 2.44346095279206 2.61799387799149 2.79252680319093 2.96705972839036 3.14159265358979 
2 1 2 
p 0.8000000008 1 10.2 14.1 
2 32 23 
p 0.2400000008 1 10.2 14.1 
7 1 2 3 4 5 6 7 
p 0.8000000008 1 1.5707963267949 1.83259571459405 2.0943951023932 2.35619449019234 2.61799387799149 2.87979326579064 3.14159265358979 
10 33 34 35 36 37 38 39 40 41 32 
p 0.2400000008 1 1.5707963267949 1.74532925199433 1.91986217719376 2.0943951023932 2.26892802759263 2.44346095279206 2.61799387799149 2.79252680319093 2.96705972839036 3.14159265358979 
2 1 2 
p 0.8000000008 1 -7.40010267380005 -2.64998333500005 
2 42 33 
p 0.2400000008 1 -7.40010267380005 -2.64998333500005 
2 1 2 
p 0.8000000008 1 7.8928242915249 12 
2 43 42 
p 0.2400000008 1 7.8928242915249 12 
2 1 2 
p 0.8000000008 1 6.49519052097675 10.5864174609103 
2 44 43 
p 0.2400000008 1 6.49519052097675 10.5864174609103 
2 1 2 
p 0.8000000008 1 -10.7357942043 3.57857584810007 
2 45 44 
p 0.2400000008 1 -10.7357942043 3.57857584810007 
2 1 2 
p 0.8000000008 1 -12.6320544987461 -8.54082755881258 
2 46 45 
p 0.2400000008 1 -12.6320544987461 -8.54082755881258 
2 1 2 
p 0.8000000008 1 -14.0535878542376 -9.94641214576245 
2 47 46 
p 0.2400000008 1 -14.0535878542376 -9.94641214576245 
2 1 2 
p 0.8000000008 1 0.27495699559994 5.0250763343999 
2 48 47 
p 0.2400000008 1 0.27495699559994 5.0250763343999 
7 1 2 3 4 5 6 7 
p 0.8000000008 1 1.5707963267949 1.83259571459405 2.0943951023932 2.35619449019234 2.61799387799149 2.87979326579064 3.14159265358979 
10 49 50 51 52 53 54 55 56 57 48 
p 0.2400000008 1 1.5707963267949 1.74532925199433 1.91986217719376 2.0943951023932 2.26892802759263 2.44346095279206 2.61799387799149 2.79252680319093 2.96705972839036 3.14159265358979 
2 1 2 
p 0.8000000008 1 -16.05 -12.15 
2 58 49 
p 0.2400000008 1 -16.05 -12.15 
7 1 2 3 4 5 6 7 
p 0.8000000008 1 1.5707963267949 1.83259571459405 2.0943951023932 2.35619449019234 2.61799387799149 2.87979326579064 3.14159265358979 
10 59 60 61 62 63 64 65 66 67 58 
p 0.2400000008 1 1.5707963267949 1.74532925199433 1.91986217719376 2.0943951023932 2.26892802759263 2.44346095279206 2.61799387799149 2.79252680319093 2.96705972839036 3.14159265358979 
2 1 2 
p 0.8000000008 1 -3.15001666500009 -2.65001666499992 
2 68 59 
p 0.2400000008 1 -3.15001666500009 -2.65001666499992 
2 1 2 
p 0.8000000008 1 -15.2499999999997 -14.2499999999997 
2 69 68 
p 0.2400000008 1 -15.2499999999997 -14.2499999999997 
10 1 2 3 4 5 6 7 8 9 10 
p 0.8000000008 1 1.5707963267949 1.74532925199433 1.91986217719376 2.0943951023932 2.26892802759263 2.44346095279206 2.61799387799149 2.79252680319093 2.96705972839036 3.14159265358979 
10 70 71 72 73 74 75 76 77 78 69 
p 0.2400000008 1 1.5707963267949 1.74532925199433 1.91986217719376 2.0943951023932 2.26892802759263 2.44346095279206 2.61799387799149 2.79252680319093 2.96705972839036 3.14159265358979 
2 1 2 
p 0.8000000008 1 -23.8499833350001 -3.15001666499992 
2 79 70 
p 0.2400000008 1 -23.8499833350001 -3.15001666499992 
10 1 2 3 4 5 6 7 8 9 10 
p 0.8000000008 1 1.5707963267949 1.74532925199433 1.91986217719376 2.0943951023932 2.26892802759263 2.44346095279206 2.61799387799149 2.79252680319093 2.96705972839036 3.14159265358979 
10 80 81 82 83 84 85 86 87 88 79 
p 0.2400000008 1 1.5707963267949 1.74532925199433 1.91986217719376 2.0943951023932 2.26892802759263 2.44346095279206 2.61799387799149 2.79252680319093 2.96705972839036 3.14159265358979 
2 1 2 
p 0.8000000008 1 -7.20003333000001 13.5 
2 89 80 
p 0.2400000008 1 -7.20003333000001 13.5 
10 1 2 3 4 5 6 7 8 9 10 
p 0.8000000008 1 1.5707963267949 1.74532925199433 1.91986217719376 2.0943951023932 2.26892802759263 2.44346095279206 2.61799387799149 2.79252680319093 2.96705972839036 3.14159265358979 
10 90 91 92 93 94 95 96 97 98 89 
p 0.2400000008 1 1.5707963267949 1.74532925199433 1.91986217719376 2.0943951023932 2.26892802759263 2.44346095279206 2.61799387799149 2.79252680319093 2.96705972839036 3.14159265358979 
2 1 2 
p 0.8000000008 1 13.7500000000003 14.7500000000003 
2 99 90 
p 0.2400000008 1 13.7500000000003 14.7500000000003 
2 1 2 
p 0.8000000008 1 2.39998333500003 2.89998333499997 
2 100 99 
p 0.2400000008 1 2.39998333500003 2.89998333499997 
7 1 2 3 4 5 6 7 
p 0.8000000008 1 1.5707963267949 1.83259571459405 2.0943951023932 2.35619449019234 2.61799387799149 2.87979326579064 3.14159265358979 
10 101 102 103 104 105 106 107 108 109 100 
p 0.2400000008 1 1.5707963267949 1.74532925199433 1.91986217719376 2.0943951023932 2.26892802759263 2.44346095279206 2.61799387799149 2.79252680319093 2.96705972839036 3.14159265358979 
2 1 2 
p 0.8000000008 1 10.1999999999999 14.0999999999999 
2 110 101 
p 0.2400000008 1 10.1999999999999 14.0999999999999 
7 1 2 3 4 5 6 7 
p 0.8000000008 1 1.5707963267949 1.83259571459405 2.0943951023932 2.35619449019234 2.61799387799149 2.87979326579064 3.14159265358979 
10 111 112 113 114 115 116 117 118 119 110 
p 0.2400000008 1 1.5707963267949 1.74532925199433 1.91986217719376 2.0943951023932 2.26892802759263 2.44346095279206 2.61799387799149 2.79252680319093 2.96705972839036 3.14159265358979 
2 1 2 
p 0.8000000008 1 -7.4001026737999 -2.64998333499999 
2 120 111 
p 0.2400000008 1 -7.4001026737999 -2.64998333499999 
2 1 2 
p 0.8000000008 1 7.8928242915246 12 
2 121 120 
p 0.2400000008 1 7.8928242915246 12 
2 1 2 
p 0.8000000008 1 6.49519052097687 10.5864174609101 
2 122 121 
p 0.2400000008 1 6.49519052097687 10.5864174609101 
2 1 2 
p 0.8000000008 1 -10.7357942043 3.57857584810007 
2 123 122 
p 0.2400000008 1 -10.7357942043 3.57857584810007 
2 1 2 
p 0.8000000008 1 -12.6320544987461 -8.54082755881256 
2 124 123 
p 0.2400000008 1 -12.6320544987461 -8.54082755881256 
2 1 2 
p 0.8000000008 1 -14.0535878542376 -9.94641214576245 
2 125 124 
p 0.2400000008 1 -14.0535878542376 -9.94641214576245 
2 1 2 
p 0.8000000008 1 0.2749569956 5.02507633439995 
2 126 125 
p 0.2400000008 1 0.2749569956 5.02507633439995 
7 1 2 3 4 5 6 7 
p 0.8000000008 1 1.5707963267949 1.83259571459405 2.0943951023932 2.35619449019234 2.61799387799149 2.87979326579064 3.14159265358979 
10 127 128 129 130 131 132 133 134 135 126 
p 0.2400000008 1 1.5707963267949 1.74532925199433 1.91986217719376 2.0943951023932 2.26892802759263 2.44346095279206 2.61799387799149 2.79252680319093 2.96705972839036 3.14159265358979 
2 1 2 
p 0.8000000008 1 -16.05 -12.15 
2 136 127 
p 0.2400000008 1 -16.05 -12.15 
7 1 2 3 4 5 6 7 
p 0.8000000008 1 1.5707963267949 1.83259571459405 2.0943951023932 2.35619449019234 2.61799387799149 2.87979326579064 3.14159265358979 
10 137 138 139 140 141 142 143 144 145 136 
p 0.2400000008 1 1.5707963267949 1.74532925199433 1.91986217719376 2.0943951023932 2.26892802759263 2.44346095279206 2.61799387799149 2.79252680319093 2.96705972839036 3.14159265358979 
2 1 2 
p 0.8000000008 1 -3.15001666500003 -2.65001666499997 
2 146 137 
p 0.2400000008 1 -3.15001666500003 -2.65001666499997 
2 1 2 
p 0.8000000008 1 -15.25 -14.25 
2 147 146 
p 0.2400000008 1 -15.25 -14.25 
10 1 2 3 4 5 6 7 8 9 10 
p 0.8000000008 1 1.5707963267949 1.74532925199433 1.91986217719376 2.0943951023932 2.26892802759263 2.44346095279206 2.61799387799149 2.79252680319093 2.96705972839036 3.14159265358979 
10 148 149 150 151 152 153 154 155 156 147 
p 0.2400000008 1 1.5707963267949 1.74532925199433 1.91986217719376 2.0943951023932 2.26892802759263 2.44346095279206 2.61799387799149 2.79252680319093 2.96705972839036 3.14159265358979 
2 1 2 
p 0.8000000008 1 -23.849983335 -3.15001666499997 
2 157 148 
p 0.2400000008 1 -23.849983335 -3.15001666499997 
10 1 2 3 4 5 6 7 8 9 10 
p 0.8000000008 1 1.5707963267949 1.74532925199433 1.91986217719376 2.0943951023932 2.26892802759263 2.44346095279206 2.61799387799149 2.79252680319093 2.96705972839036 3.14159265358979 
10 158 159 160 161 162 163 164 165 166 157 
p 0.2400000008 1 1.5707963267949 1.74532925199433 1.91986217719376 2.0943951023932 2.26892802759263 2.44346095279206 2.61799387799149 2.79252680319093 2.96705972839036 3.14159265358979 
2 1 2 
p 0.8000000008 1 -7.20003333000012 13.5 
2 167 158 
p 0.2400000008 1 -7.20003333000012 13.5 
10 1 2 3 4 5 6 7 8 9 10 
p 0.8000000008 1 1.5707963267949 1.74532925199433 1.91986217719376 2.0943951023932 2.26892802759263 2.44346095279206 2.61799387799149 2.79252680319093 2.96705972839036 3.14159265358979 
10 168 169 170 171 172 173 174 175 176 167 
p 0.2400000008 1 1.5707963267949 1.74532925199433 1.91986217719376 2.0943951023932 2.26892802759263 2.44346095279206 2.61799387799149 2.79252680319093 2.96705972839036 3.14159265358979 
2 1 2 
p 0.8000000008 1 13.7500000000006 14.7500000000006 
2 177 168 
p 0.2400000008 1 13.7500000000006 14.7500000000006 
2 1 2 
p 0.8000000008 1 2.39998333500002 2.89998333499985 
2 178 177 
p 0.2400000008 1 2.39998333500002 2.89998333499985 
7 1 2 3 4 5 6 7 
p 0.8000000008 1 1.5707963267949 1.83259571459405 2.0943951023932 2.35619449019234 2.61799387799149 2.87979326579064 3.14159265358979 
10 179 180 181 182 183 184 185 186 187 178 
p 0.2400000008 1 1.5707963267949 1.74532925199433 1.91986217719376 2.0943951023932 2.26892802759263 2.44346095279206 2.61799387799149 2.79252680319093 2.96705972839036 3.14159265358979 
2 1 2 
p 0.8000000008 1 10.1999999999999 14.0999999999999 
2 188 179 
p 0.2400000008 1 10.1999999999999 14.0999999999999 
7 1 2 3 4 5 6 7 
p 0.8000000008 1 1.5707963267949 1.83259571459405 2.0943951023932 2.35619449019234 2.61799387799149 2.87979326579064 3.14159265358979 
10 189 190 191 192 193 194 195 196 197 188 
p 0.2400000008 1 1.5707963267949 1.74532925199433 1.91986217719376 2.0943951023932 2.26892802759263 2.44346095279206 2.61799387799149 2.79252680319093 2.96705972839036 3.14159265358979 
2 1 2 
p 0.8000000008 1 -7.40010267379976 -2.64998333499994 
2 198 189 
p 0.2400000008 1 -7.40010267379976 -2.64998333499994 
2 1 2 
p 0.8000000008 1 7.8928242915243 11.9999999999997 
2 199 198 
p 0.2400000008 1 7.8928242915243 11.9999999999997 
2 1 2 
p 0.8000000008 1 6.49519052097638 10.5864174609099 
2 200 199 
p 0.2400000008 1 6.49519052097638 10.5864174609099 
2 1 2 
p 0.8000000008 1 -10.7357942042999 3.57857584810001 
2 201 200 
p 0.2400000008 1 -10.7357942042999 3.57857584810001 
2 1 2 
p 0.8000000008 1 -12.632054498746 -8.54082755881257 
2 202 201 
p 0.2400000008 1 -12.632054498746 -8.54082755881257 
2 1 2 
p 0.8000000008 1 -14.053587854238 -9.94641214576277 
2 203 202 
p 0.2400000008 1 -14.053587854238 -9.94641214576277 
2 1 2 
p 0.8000000008 1 0.27495699559985 5.0250763344001 
2 204 203 
p 0.2400000008 1 0.27495699559985 5.0250763344001 
7 1 2 3 4 5 6 7 
p 0.8000000008 1 1.5707963267949 1.83259571459405 2.0943951023932 2.35619449019234 2.61799387799149 2.87979326579064 3.14159265358979 
10 205 206 207 208 209 210 211 212 213 204 
p 0.2400000008 1 1.5707963267949 1.74532925199433 1.91986217719376 2.0943951023932 2.26892802759263 2.44346095279206 2.61799387799149 2.79252680319093 2.96705972839036 3.14159265358979 
2 1 2 
p 0.8000000008 1 -16.05 -12.15 
2 214 205 
p 0.2400000008 1 -16.05 -12.15 
7 1 2 3 4 5 6 7 
p 0.8000000008 1 1.5707963267949 1.83259571459405 2.0943951023932 2.35619449019234 2.61799387799149 2.87979326579064 3.14159265358979 
10 215 216 217 218 219 220 221 222 223 214 
p 0.2400000008 1 1.5707963267949 1.74532925199433 1.91986217719376 2.0943951023932 2.26892802759263 2.44346095279206 2.61799387799149 2.79252680319093 2.96705972839036 3.14159265358979 
2 1 2 
p 0.8000000008 1 -3.15001666500025 -2.65001666499997 
2 224 215 
p 0.2400000008 1 -3.15001666500025 -2.65001666499997 
2 1 2 
p 0.8000000008 1 -15.2499999999994 -14.2499999999994 
2 225 224 
p 0.2400000008 1 -15.2499999999994 -14.2499999999994 
10 1 2 3 4 5 6 7 8 9 10 
p 0.8000000008 1 1.5707963267949 1.74532925199433 1.91986217719376 2.0943951023932 2.26892802759263 2.44346095279206 2.61799387799149 2.79252680319093 2.96705972839036 3.14159265358979 
10 226 227 228 229 230 231 232 233 234 225 
p 0.2400000008 1 1.5707963267949 1.74532925199433 1.91986217719376 2.0943951023932 2.26892802759263 2.44346095279206 2.61799387799149 2.79252680319093 2.96705972839036 3.14159265358979 
2 1 2 
p 0.8000000008 1 -23.849983335 -3.15001666499997 
2 235 226 
p 0.2400000008 1 -23.849983335 -3.15001666499997 
10 1 2 3 4 5 6 7 8 9 10 
p 0.8000000008 1 1.5707963267949 1.74532925199433 1.91986217719376 2.0943951023932 2.26892802759263 2.44346095279206 2.61799387799149 2.79252680319093 2.96705972839036 3.14159265358979 
10 236 237 238 239 240 241 242 243 244 235 
p 0.2400000008 1 1.5707963267949 1.74532925199433 1.91986217719376 2.0943951023932 2.26892802759263 2.44346095279206 2.61799387799149 2.79252680319093 2.96705972839036 3.14159265358979 
2 1 2 
p 0.8000000008 1 -7.20003333000001 13.5 
2 245 236 
p 0.2400000008 1 -7.20003333000001 13.5 
10 1 2 3 4 5 6 7 8 9 10 
p 0.8000000008 1 1.5707963267949 1.74532925199433 1.91986217719376 2.0943951023932 2.26892802759263 2.44346095279206 2.61799387799149 2.79252680319093 2.96705972839036 3.14159265358979 
10 246 247 248 249 250 251 252 253 254 245 
p 0.2400000008 1 1.5707963267949 1.74532925199433 1.91986217719376 2.0943951023932 2.26892802759263 2.44346095279206 2.61799387799149 2.79252680319093 2.96705972839036 3.14159265358979 
2 1 2 
p 0.8000000008 1 13.7500000000007 14.7500000000007 
2 255 246 
p 0.2400000008 1 13.7500000000007 14.7500000000007 
2 1 2 
p 0.8000000008 1 2.39998333500008 2.89998333499991 
2 256 255 
p 0.2400000008 1 2.39998333500008 2.89998333499991 
7 1 2 3 4 5 6 7 
